lambdaC = 0.009800
sigma   = 0.009800
omegaC  = 102.040718
