lambdaC = 0.25096001
sigma   = 0.25096001
omegaC  = 3.98469864
spacingEff = 0.03137000
lambdaMin = 0.06274000
voxelRes = 32
wallStride = 8
elapsed = 114.01713370
