lambdaC = 0.009804
sigma   = 0.009804
omegaC  = 102.000006
