lambdaC = 0.06274000
sigma   = 0.12548000
omegaC  = 15.93879456
spacingEff = 0.03137000
lambdaMin = 0.06274000
voxelRes = 32
wallStride = 8
elapsed = 124.93912870
