lambdaC = 0.06274000
sigma   = 0.04525734
omegaC  = 15.93879456
spacingEff = 0.03137000
lambdaMin = 0.06274000
voxelRes = 32
wallStride = 8
elapsed = 117.25156050
